0.985611510791
0.978417266187
0.992805755396
0.985507246377
0.985507246377
0.992753623188
0.949275362319
1.0
0.971014492754
0.971014492754
0.964028776978
0.985611510791
0.978417266187
0.985507246377
0.992753623188
0.978260869565
0.971014492754
0.978260869565
0.971014492754
0.978260869565
0.964028776978
0.935251798561
0.89928057554
0.95652173913
0.891304347826
0.847826086957
0.898550724638
0.905797101449
0.855072463768
0.913043478261
0.942446043165
0.89928057554
0.956834532374
0.927536231884
0.934782608696
0.927536231884
0.891304347826
0.891304347826
0.949275362319
0.927536231884
