4.60246782715
5.45056403169
4.82257713099
5.99108249636
5.90303575371
4.91899326668
4.42379942407
4.93601952352
4.81431917708
4.43045835987
2.09352964421
2.34534160645
2.14352981233
2.40921536826
2.01885419922
2.02810474279
2.11436064792
2.03609753357
2.71659056666
2.51756642885
9.01772416603
7.38654255797
8.38387434145
8.59857116502
12.5398010705
9.62999116114
7.98352056296
8.15151441289
7.96181729919
8.18742982634
5.81661596671
6.43111519822
6.26426377618
6.3325304866
7.35321494741
7.86266528586
5.81593081712
6.56362118661
6.22291464918
7.47321757921
