7.87899433877
8.30518717486
8.15592911578
8.98759787172
8.00366973262
7.86763546474
8.1819173377
8.59456402943
7.82957418175
7.21221078901
3.29420564533
3.54005195499
3.39090555513
3.22518275556
3.79167524615
3.66168882572
3.31268570407
4.25054936225
3.50574822428
3.64097160582
13.4891872632
9.95686577478
9.34092880205
10.0994226078
10.3313392972
11.1743950761
9.96705685407
9.83392140611
9.76721068288
9.97245387956
7.49777969887
8.13707475469
6.60086622272
7.52432575913
6.48315222699
6.39669388359
8.20573920426
6.19344837921
5.81468425059
6.13208073146
