0.992805755396
0.978417266187
1.0
0.963768115942
0.971014492754
0.985507246377
0.992753623188
1.0
0.992753623188
0.992753623188
1.0
1.0
1.0
0.985507246377
0.985507246377
0.992753623188
0.992753623188
0.992753623188
1.0
1.0
0.870503597122
0.884892086331
0.89928057554
0.95652173913
0.942028985507
0.913043478261
0.86231884058
0.884057971014
0.898550724638
0.855072463768
0.978417266187
0.971223021583
0.956834532374
0.978260869565
0.963768115942
0.934782608696
0.992753623188
0.949275362319
0.95652173913
0.949275362319
