4.94401860454
6.45922171272
6.51707109779
5.99003689985
6.13787600817
6.01869787644
5.42350405267
5.59858793168
5.78438446543
5.30802571244
1.41865091763
1.49503824289
1.56196691858
1.46306263019
2.17149900729
2.03984961655
1.46798072719
1.31538748782
1.64235942456
1.61750451674
6.81466768313
7.46353280773
7.3450489304
8.82486188806
8.3966773516
7.86774846922
8.05796078465
7.84240834438
7.85237898365
7.1205108343
5.8291992092
6.73508541102
7.02011799496
5.05448122854
6.30091556876
6.56648959917
4.8594989407
5.35771025236
5.38411559817
6.24478277799
